0	AAA8CD7FAAA8CD7FAAA8CD7F	0	0.5	0
1	AB6CD6AFAB5CD7AFAB6CD6AF	6.0	0.392	2
2	AAA5CE8FAAA5DE8FBAB5DE8F	8.0	0.379	2
3	BBB9C8CFBBB9C8CFBBB9C8CF	10.0	0.325	2
4	AAD6E9CFAAD6E9DFAAD6E8DF	11.0	0.325	2
5	BAAD6F9FBAAD6F9FBAAD6F9F	10.213	0.45	2
6	BBC6E9DFBBC6E9DFBBC6E9DF	14.375	0.359	2
7	AB8C6E8FAB8C6E8FA9AC6E8F	15.583	0.372	2
8	AA7BC6AFAA7BC6AFAA7BC6AF	16.25	0.371	2
9	9A687F9D8A687F9D8A687F9D	20.382	0.442	2
10	C0EEE9FFC0EEE9FF39EEE9FF	23.615	0.5	0
11	ABA8CD7FABA8CD7FABA8BD7F	4.0	0.5	0
12	BBBAE8CFBBBAE8CFBBBAE8CF	5.0	0.508	0
13	BBAAE8CFBBAAE8CFBBAAE8CF	7.5	0.438	2
14	BA9AE9CFBA9AE9CFBA9AE8CF	10.0	0.392	2
15	BB9AE8CFBB9AE8CFBB9AE8CF	11.5	0.346	2
16	A988BC7FA988BC7FA988BC7F	14.444	0.329	2
17	AB99C8BFBA99C8BFAB99C8BF	15.0	0.333	2
18	A8E77F9FA8D77F9FA8D77F9F	17.458	0.419	2
19	AA99CE8FAA99CE8FAA99CE8F	6.097	0.46	2
20	BBB5CE8FBBB5CE8FBBB5CE8F	5.5	0.413	2
21	AA99CE8FAA99CE8FAB99CE8F	8.0	0.358	2
22	AB89CD8FAB89CD8FAB89CD8F	12.0	0.33	2
23	AA99CE8FA999CE8FAA99CE8F	5.833	0.479	0
24	AAC5CE8FAAC5CE8FAAC5CE8F	6.0	0.433	2
25	BA99CE8FBA99CE8FBA99CE8F	7.0	0.383	2
26	BA9D6F9FBA9D6F9FBA9D6F9F	6.625	0.498	0
27	89A66F6C89A66F6C8AA67F7C	10.5	0.425	2
28	9A5A6F7C9A5A6F7C9A5A7F7C	12.0	0.467	2
29	A9977F9EA9977F9EA9977F9E	13.0	0.379	2
30	995F77CE995F77CE995F77CE	14.0	0.433	2
31	A6E878FFA6E878FFA6E878FF	15.0	0.408	2
32	BAB7FADFBAB7FADFBAB7FADF	18.608	0.38	2
33	ABB5DE8FABB5DE8FABB5DE8F	6.4	0.39	2
34	ABB5DE8FAAB5DE8FABB5DE8F	5.0	0.417	2
35	BBB5DE8FBBB5DE8FABB5DE8F	6.0	0.425	2
36	AAAD7F9FAAAD7F9FAAAD7F9F	9.1	0.478	2
37	98A66F7C8AA66F7C8AA66F7C	11.0	0.408	2
38	9A5A6F7C987A6F7C987A6F7C	12.0	0.383	2
39	89A677FC89A677FC89A66F6C	13.5	0.4	2
40	98A66F6C98A66F6C98A66F6C	15.5	0.393	2
41	ABB5CE8FABB5CE8FABB5CE8F	5.125	0.456	2
42	B999DE8FBB79DE8FB999DE8F	6.5	0.442	2
43	BB7D7F9FBA7D7F9FBA7D7F9F	9.0	0.446	2
44	8A788F7D8A788F7D8A788F7D	14.667	0.537	1
45	9A788F7D9A788F7D9A788F7D	12.5	0.517	0
46	8099F0EB8099F0EB8099F0FB	21.0	0.55	1
47	BA99CE8FAA99CE8FAA89CE8F	3.0	0.442	2
48	ABB5DE8FBBB5DE8FABB5DE8F	8.0	0.358	2
49	BB79CE8FBBB5CE8FB9D5CE8F	10.0	0.296	2
50	BBB5DE8FBBB5DE8FBBB5DE8F	8.0	0.425	2
51	AB99CE8FAB99CE8FAB99CE8F	10.5	0.358	2
52	AAA5CD8FAAA5CD8FAAA5CD8F	13.0	0.317	2
53	AAB5DE8FAAB5DE8FAAB5DE8F	5.0	0.45	2
54	BB7D7F9FAB7D7F9FBB7D7F9F	7.5	0.477	2
55	989D67DF989E67DFA79E67DF	11.0	0.483	0
56	989D67DF989D67DF989D67DF	11.99	0.529	1
57	AB6D67DFAB5E67DFA79E67DF	14.0	0.521	1
58	9A687F9D9A687F9D9A687F9D	16.727	0.451	2
59	88DDD9FF88DDD9FF88DDD9FF	22.569	0.592	1
60	AB88CD7FAB88CD7FAB88CD7F	7.0	0.438	2
61	AA99CE7FAA99CE7FAA89CE7F	7.75	0.429	2
62	BAB9D8CFBAB9D8CFBAB9D8CF	10.0	0.342	2
63	AB89CD7FAB89CE7FAB89CD7F	11.0	0.367	2
64	AA88BC7FAA88BC7FAA88BC7F	14.667	0.398	2
65	AAAAD8BFAAAAD8BFBAAAD8BF	17.333	0.45	2
66	ABC5DE8FABB5DE8FABB5DE8F	4.5	0.383	2
67	BB7D7F9FBB7D7F9FBB7D7F9F	9.0	0.432	2
68	B9AD7F9FB9AD7F9FB9AD7F9F	8.278	0.474	2
69	8AA66F6C8AA66F6C8AA66F7C	10.0	0.417	2
70	BB8F8AEFBB8F8AEFBC8F8AEF	11.0	0.383	2
71	99977F9E99977F9D99977F9D	15.5	0.375	2
72	A8D77F9FA8D77F9EA8D77F9F	18.3	0.401	2
73	AB7E7F9FAB7E7F9FAB7E7F9F	7.5	0.484	0
74	89A66F6C89A66F6C89A66F6C	10.0	0.458	2
75	9A8677FC9A8677FC9A8677FC	11.0	0.458	2
76	88A677FC88A677FC88A66F6C	13.5	0.448	2
77	AC9D6F8FAB9D6F8FAC9D6F8F	5.646	0.509	0
78	AAA7F8CFAAA7F8CFAAA7F8CF	9.229	0.561	1
79	B9A7F8CFA9A7F8CFA9A7F8CF	13.5	0.486	0
80	AA97E7CFAA97E7CFAA97E7CF	17.188	0.403	2
81	AC9D6F8FAC9D6F8FAC9D6F8F	3.766	0.508	0
82	AB8F8ADFAB8F8ADFBB8F8ADF	8.409	0.516	0
83	AB8F8ADFAB8F8ADFAB8F8ADF	10.294	0.523	1
84	BA89CE8FBAC5CE8FBAC5CE8F	6.5	0.46	2
85	ABB5CE8FABB5CE8FACB5CE8F	10.0	0.396	2
86	AB9BB79FAA9BB79FAA9BB79F	16.0	0.35	2
87	BB7D6F9FBB7D6F9FBB7D6F9F	18.8	0.38	2
88	AA9D7F9FAA9D7F9FAA9D7F9F	7.154	0.495	0
89	AB9D6F9FBA9D6F9FBA9D7F9F	5.587	0.507	0
90	BA9D7F9FBA9D6F9FBA9D7F9F	9.5	0.474	2
91	BAD6F9EFBAD6F9EFBAD6F8EF	10.0	0.5	0
92	AB7E7F9FAA7E7F9FAA7E7F9F	12.0	0.475	2
93	AA97E7BFAA97E7BFAB97E7BF	13.0	0.508	0
94	A99D6E9FA99D6E9FA99C6E9F	14.0	0.492	0
95	AA6CD6AFAA6CD6AFAA6CD7AF	15.75	0.383	2
96	A9AC6E8FA9AC6E8FA9AC6E8F	16.615	0.332	2
97	AAAAD8BFAAAAD8BFAAAAD8BF	17.333	0.402	2
98	BAAD6F9FBAAD6F9FAAAD6F9F	10.071	0.446	2
99	BA89CE8FBA89CE8FBA89CD8F	8.75	0.389	2
100	A99AB69FA99AC69FA99AB69F	13.0	0.354	2
101	AB9D7F8FAB9D7F8FAB9D7F8F	7.0	0.483	0
102	BB9D6F9FBB9D6F9FBB9D7F9F	8.0	0.45	2
103	A89D67DFA89D67DFA89D67DF	11.789	0.506	0
104	AC9D6F8FAB9D6F8FAC9D7F8F	5.808	0.527	1
105	AB9D6F8FAB9D6F8FAB9D7F8F	7.25	0.5	0
106	ABB77F9FABB77F9EABB77F9F	9.167	0.524	1
107	ABA7F7CFABA7F7CFABA7F7CF	9.0	0.475	2
108	976F77CD976F77CD976F77CD	15.75	0.553	1
109	57ACA0DF57ACA0EF57ACA0EF	22.0	0.6	1
110	9BA77F9E9BA77F9E9BA77F9E	9.545	0.536	1
111	988D7F9E988E7F9E988E7F9E	8.833	0.498	0
112	8A6F77CE8A6F77CE8A6F77CE	10.0	0.492	0
113	99A77F9E99A77F9E99A77F9E	12.5	0.529	1
114	966F77CD976F77CD976F77CD	16.6	0.506	0
115	AC7D7F9FAC7D7F9FAC7D7F9F	9.5	0.475	2
116	9AB77F9E9AB77F9E9AB77F9E	11.3	0.521	0
117	AAB77F9EAAB77F9EAAB77F9E	14.444	0.491	0
118	AAB77F9EAAA77F9EAAA77F9E	11.317	0.505	0
119	AAAD7F9FAA9D7F9FAAAD7F9F	6.9	0.514	0
120	B9AD7F9FBB7D7F9FB9AD7F9F	8.75	0.492	0
121	989D67DF989D67DFA79D67DF	11.25	0.505	0
122	78B87F9D78B77F9D78B87F9D	16.0	0.496	0
123	44687A0F44587A0F44587B0F	22.0	0.55	1
124	AAA77F9EAAA77F9EAAA77F9E	10.25	0.512	0
125	78B77F9DA6B77F9DA6B77F9D	13.75	0.517	0
126	88B77F9D88B77F9D88B77F9D	13.9	0.572	1
127	468A892F468A8A2F468A8A2F	21.812	0.583	1
128	AB7E7F9FAB7D7F9FAB7D7F9F	8.75	0.471	2
129	999D67DF999D67DF999D67DF	8.4	0.503	0
130	9B6E67DF9B6E67DF9B6E67DF	9.75	0.551	1
131	AB6E67DFAB6E67DFA79E67DF	11.833	0.508	0
132	B9A7F8CFB9B7F8CFB9B7F8CF	14.0	0.531	1
133	A9FA9BFFA9FA9BEFA9FA9BEF	17.0	0.542	1
134	BB7E7F9FBB7D7F9FBB7D7F9F	8.5	0.496	0
135	95B87F9D95B87F9D95B87F9D	16.0	0.558	1
136	AB9D6F8FAB9D6F8FABAD6F9F	10.0	0.425	2
137	ABAD6F9FABAD6F9FABAD6F9F	10.167	0.42	2
138	AA9D7F9FAA9D7F9FB99D7F9F	13.0	0.375	2
139	AA6CD7BFAA6CD7BFAA6CD7BF	14.0	0.325	2
140	99A5B6BF99A6B6BFA9A6B6BF	16.25	0.375	2
141	AAA8CD7FAAA8CD7FAAA9CD7F	5.75	0.439	2
142	AB88CD8FAB88CD8FAB89CD8F	12.0	0.375	2
143	BAAD6F9FBA9D6F9FBA9D6F9F	7.0	0.433	2
144	88B87F9D88B77F9D88B87F9D	14.5	0.601	1
145	4376070F4376070F4376070F	21.577	0.617	1
146	9AF99BEF9AE99BEF9AE99BEF	13.25	0.56	1
147	78DDD8EF78DDD8EF78DDD8EF	20.4	0.675	1
148	8967F69C8967F69C8967F69C	13.237	0.601	1
149	1854510F1854510F1854510F	20.811	0.617	1
150	BB7E7F9FBB7E7F9FBB7E7F9F	7.5	0.483	0
151	BA7E7F9FBA7E7F9FBA7E7F9F	9.0	0.481	0
152	9A6E67DF9B6E67DF9B6E67DF	11.0	0.506	0
153	9B6E68DF9B6E68EF9B6E68EF	11.25	0.459	2
154	69DDD8EF69DDD8EF69DED8EF	20.386	0.625	1
155	89688F9D7867F69C7967F69C	13.459	0.622	1
156	3076500F3076500F3076500F	21.13	0.633	1
157	A8E77F9EA8D77F9EA8E77F9E	6.25	0.554	1
158	ABA77F9EABA77F9EABA77F9E	9.0	0.604	1
159	9BB77F9EAAB77F9E9BB77F9E	11.0	0.592	1
160	87B87F9D87B77F9D87B87F9D	12.5	0.642	1
161	987B77FC987B77FC987B77FC	12.0	0.492	0
162	AAF99BFFAAF99BEFAAF99BEF	14.833	0.577	1
163	2456570F2456570F2456570F	20.5	0.65	1
164	AA9D7F9FAA9D6F9FAA9D7F9F	4.167	0.498	0
165	AAC7E7BFAAC7E7BFB9C7E7BF	9.0	0.487	0
166	BB9D6F9FBA9D6F9FBB9D6F9F	12.0	0.483	0
167	BB7E7F9FBB7E7F9FBB7D7F9F	14.0	0.467	2
168	89688F9D89688F9D89688F9D	11.617	0.637	1
169	69DDD8EF69DDD8EF69DDD8EF	20.219	0.658	1
170	3467680F3467690F3467690F	21.5	0.567	1
171	B9A7F8CFB9A7F8CFB9B7F8CF	14.0	0.529	1
172	AAF99BEFAAF99BEFAAF99BEF	14.5	0.567	1
173	88B77F9D87B77F9D88B77F9D	16.0	0.592	1
174	8B788F7D8A788F7D8B788F7D	14.167	0.607	1
175	678990FF678990FF778990FF	22.125	0.533	1
176	9CB77F9E9BB77F9E9CB77F9E	11.0	0.523	1
177	A9E99BEFA9E99BEFAAE99BEF	14.864	0.561	1
178	A9FA9BFFA9EA9BFFA9EA9BEF	16.5	0.575	1
179	986F8A8D986F8A7D986F8A8D	18.0	0.575	1
180	8099F0FB8099F0FB3599F0FB	22.0	0.6	1
181	AAB7E7BFAAC7E7BFAAC7E7BF	5.0	0.458	2
182	AB9D6F8FAB9D6F8FAB9D6F8F	9.0	0.448	2
183	886F77DD896F77DD896F77DD	14.0	0.483	0
184	976F77DD976F77DD976F77DD	16.0	0.587	1
185	998878FE998878FE9A8878FE	18.375	0.554	1
186	AA687F9D9A687F9D9A687F9D	14.833	0.522	1
187	348F70EB348F70EB348F70EB	19.5	0.65	1
188	A9A87F9EA9A87F9EA9A87F9E	9.0	0.533	1
189	BC8F8AEFBC8F8AEFBC8F8AEF	11.0	0.508	0
190	AC8F8AEFAC8F8AEFAC8F8AEF	13.0	0.579	1
191	A76F78DD976F77DD976F77DD	15.5	0.592	1
192	67AC0BFC67AC0BFC67AD0BFC	21.5	0.6	1
193	9B4F89DE9B4F89DE9B4F89EE	9.5	0.508	0
194	AC8F8ADFAB8F8ADFAC8F8ADF	13.0	0.523	1
195	966F77CD876F77CD976F77CD	18.0	0.55	1
196	99B8F8DF99A8F8DF99B8F8DF	12.5	0.467	2
197	8A6F78EF8A6F78EF8A6F78EF	14.0	0.475	2
198	999F8ADFB79F8ADFB79F8ADF	17.0	0.438	2
199	897A67FC897A67FC897A77FC	8.333	0.549	1
200	88A66F6C88A66F6C89A66F6C	10.5	0.533	1
201	88A66F6C88A66F6C88A66F6C	12.0	0.458	2
202	AC9D6F8FAC9D6F9FAC9D6F9F	4.071	0.52	0
203	BB9D6F9FBB9D6F9FBB9D6F9F	6.0	0.496	0
204	89688F9D8967F69C8967F69C	10.5	0.575	1
205	9A79ABFE9A79AAFE9A79ABFE	13.0	0.55	1
206	886F8A7C885F8A7C896F8A7C	14.5	0.592	1
207	A678AAFD9678AAFDA678AAFD	16.0	0.583	1
208	886F897C885F897C886F897C	15.833	0.597	1
209	AC9D6F9FAC9D6F9FAC9D6F9F	6.25	0.552	1
210	AAB77F9E9AB77F9E9AB77F9E	11.625	0.529	1
211	AAB77F9FAAB77F9EAAB77F9E	12.75	0.551	1
212	886F8A7C885F8A7C886F8A7C	16.5	0.542	1
213	7967F69C7967F69C7967F69C	14.629	0.564	1
214	BA9D6F8FBA9D6F8FAB9D7F8F	4.0	0.492	0
215	BBA6F9DFBBA6F9DFBBA6F9DF	6.5	0.517	0
216	BB8F8AEFBA8F8AEFBB8F8AEF	9.0	0.542	1
217	BB8F8AEFBB8F8AEFBB8F8AEF	10.5	0.542	1
218	BA9F8AEFBA9F8AEFBA9F8AEF	12.0	0.567	1
219	4807790F4807790F4807790F	21.375	0.617	1
220	997A67FC997A67FC897A6F6C	9.0	0.517	0
221	897A6F6C897A67FC897A6F6C	11.0	0.535	1
222	44687B0F44587A0F44587B0F	21.25	0.583	1
223	AAA7F7CFAAA7F7CFAAA7F7CF	7.5	0.575	1
224	99688F9D99688F9D99688F9D	10.5	0.608	1
225	9767F69C8767F69C9767F69C	16.667	0.499	0
226	9767F69C9767F69C9767F69C	16.75	0.538	1
227	ACAC6F8FACAC6F8FACAC6F8F	8.0	0.483	0
228	A6F878FFA6E878FFA6E878FF	10.0	0.525	1
229	A9A8F8DFA9A8F7DFA9A8F8CF	13.0	0.537	1
230	A8A8F8DFA8A8F8DFA8A8F8DF	16.0	0.542	1
231	BB8F8ADFBB8F8ADFBB8F8ADF	10.0	0.617	1
232	99688F9D89688F9D99688F9D	12.0	0.6	1
233	69EED8EF69EED9EF69EED9EF	19.5	0.642	1
234	8668F69B7668F69B7668F69C	14.5	0.617	1
235	4477080F4477080F4477080F	20.625	0.633	1
236	ABA77F9E9BA77F9EA8E77F9E	11.0	0.538	1
237	8856F97C9856F97C8856F97C	13.375	0.59	1
238	996F8A8D996F8A8D8856F97C	15.0	0.608	1
239	AA7E7F9FAA7E7F9FBA7E7F9F	10.0	0.5	0
240	A9AD7F9FA9AD7F9FA9AD7F9F	11.0	0.467	2
241	B99D7F9FB99D7F9FB99D7F9F	16.0	0.425	2
242	AA86F98D9A86F98DAA86F98D	10.0	0.508	0
243	8876F99C8876F99C8876F99C	11.0	0.5	0
244	BAD89AFFBAD89AFFBAD89AFF	12.0	0.483	0
245	89757F6B89767F6B8A7677FC	14.0	0.496	0
246	A7FAAC9FA7FAAC9FA7FAAC9F	16.0	0.492	0
247	95C88F7D85C88F7D95C88F7D	18.5	0.531	1
248	A98878FFA98878FEAA8878FE	12.667	0.55	1
249	7877F0EF7877F0DF7877F0DF	14.0	0.55	1
250	AA8878FEA98878FEAA8878FE	15.0	0.575	1
251	8C8878FF8C8878FFAA8878FF	16.5	0.6	1
252	ACA6F9CFACA6F9DFACB6F9DF	4.5	0.508	0
253	BCA6F9CFBCA6F9DFBCB6F9DF	6.5	0.533	1
254	ACAD6F8FAC9D6F8FAC9D6F8F	8.0	0.517	0
255	9BB77F9F9BB77F9F9BB77F9F	12.5	0.494	0
256	AAB77FAFAAB77F9FAAB77FAF	15.0	0.492	0
257	8A788F7D8A788F7D8B788F7D	17.5	0.485	0
258	AACC6F8FAACC6F8FAACC6F8F	8.75	0.455	2
259	BBAC6F8FBBAC6F8FBBAC6F9F	6.0	0.483	0
260	ACAD6F8FACAD6F8FACAD6F8F	12.0	0.442	2
261	BAAD6F8FBAAD6F8FBA9D6F9F	13.167	0.378	2
262	AAAD6F9FAAAD6F9FB9AD6F9F	8.5	0.467	2
263	98966F6C99A677FC98A66F6C	15.0	0.433	2
264	BA8F8AEFBA8F8AEFBA8F8AEF	17.0	0.417	2
265	87B87F9D87B87F9D87B87F9D	13.9	0.602	1
266	BA0EEFCFBA0EEFCFBA0EEFCF	21.5	0.6	1
267	BAD6E9EFBAD6E9EFBAD6E8EF	12.5	0.421	2
268	AAC5DE8FAAC5DE8FAAB5DE8F	5.0	0.383	2
269	AAC5DE8FAAC5DE8FAAC5DE8F	6.5	0.375	2
270	95C88F7D9A788F7D9B788F7D	14.0	0.542	1
271	8A788F7D8A788F7D9A788F7D	15.0	0.542	1
272	3376070F3376070F3376070F	21.0	0.55	1
273	AA9D7E9FAA9D7F9FAA9D7E9F	15.0	0.375	2
274	3599F0EB3599F0EB36AA98FC	20.5	0.625	1
275	95B87F9D95B77F9D95B87F9D	15.667	0.46	2
276	966F77CD966F77CD966F77CD	13.917	0.571	1
277	BB9D6F8FBB9D6F8FBB9D6F8F	8.0	0.494	0
278	988D7F9E988D7F9E988E7F9E	11.0	0.475	2
279	A8E77F9E98E77F9EA8E77F9E	12.5	0.483	0
280	95C88F7D95C88F7D95C88F7D	12.667	0.592	1
281	9A788F7D8A788F7D9A788F7D	15.5	0.533	1
282	45688C0F44688C0F44688C0F	21.5	0.533	1
283	A9E99BFFA9E99BFFA9F99BEF	13.5	0.565	1
284	AB89CD7FAB89CD7FAB89CD8F	9.0	0.35	2
285	ABAD6F8FABAD6F9FABAD6F9F	10.5	0.342	2
286	995A77FC995A77FC8A5A6F6C	13.167	0.459	2
287	AAA8CD8FAAA8CD8FAAA8CD8F	4.0	0.471	2
288	BB89CD7FBB89CD7FAB89CD7F	8.0	0.433	2
289	BB8D7F9FBB8E7F9FBB8D7F9F	11.0	0.325	2
290	AAAD6F9FAAAD6F9FAAAD6F9F	10.125	0.418	2
291	886F8A8C885F8A8C886F8A8C	14.0	0.5	0
292	9AF99BFF9AF99BFF9AF99BFF	16.5	0.49	0
293	897A77FC897A77FC897A77FC	10.5	0.562	1
294	78B87F9D78B77F9D78B77F9D	17.0	0.592	1
295	76AEDFBF76AEDFBF76AEDFBF	22.0	0.583	1
296	C7FA9BFFC7FA9BFFC7FA9BFF	15.0	0.567	1
297	B9A7F8CFA9B7F8CFA9A7F8CF	17.0	0.442	2
298	B9E99BFFB9E99BFFB9E99BEF	13.75	0.533	1
299	3599F0EB8099F0EB36AA98FC	21.0	0.575	1
300	A9E99BFFA9E99BFFAAE99BEF	16.25	0.54	1
301	8C8878FF8C8878FF8C8878FF	14.0	0.61	1
302	789880FD788880FD789880FD	20.75	0.625	1
303	87B87F9D87B87F9D88B87F9D	11.0	0.567	1
304	88B87F9D87B77F9D88B87F9D	13.75	0.533	1
305	9A687F9D8A687F9D9A687F9D	14.5	0.625	1
306	2276600F2376600F2376600F	22.125	0.583	1
307	896F77CD896F77CD896F77CD	11.0	0.567	1
308	87B77F9D87B77F9D87B77F9D	12.0	0.567	1
309	BAC5DE8FBAC5DE8FBAC5DE8F	8.0	0.35	2
310	BA8E7F9FAA8E7F9FBA8E7F9F	10.0	0.375	2
311	AAAD7F9FB9AD7F9FB9AD7F9F	12.0	0.417	2
312	86F888DE86F888DD756F77CC	14.0	0.575	1
313	896F77DE896F77DE896F77DD	15.0	0.575	1
314	689880FC689880FC689880FC	21.0	0.608	1
315	BAD6F9EFBAD6F9EFBAD6F9EF	9.5	0.5	0
316	AB9D7F8FAB9D7F8FAC9D7F8F	11.5	0.475	2
317	AAA7F8CFABA7F8CFABA7F8CF	7.25	0.595	1
318	ABA7E7CFABA7E7CFABA7E7CF	7.0	0.558	1
319	9A9D67CF9A9D67DFA89D67DF	8.5	0.583	1
320	886F77CD886F77CD886F77DD	13.0	0.621	1
321	36AA98FC36AA98FC36AA98FC	20.5	0.658	1
322	B9AD6F9FB9AD6F9FB9AD6F9F	8.5	0.446	2
323	989D67DF989E67DF989E67DF	12.5	0.475	2
324	A9B7F8CFA9B8F8CFA9B8F8CF	17.0	0.438	2
325	A79D67DFA79D67DFA79D67DF	11.0	0.529	1
326	AAC7E7BFAAC7E7BFAAC7E7BF	6.267	0.445	2
327	AA6F68EFAA6F68EFAA6F68EF	8.0	0.542	1
328	A89D67DFA89D67DFA99D67DF	9.5	0.55	1
329	2065500F2065500F2065500F	21.25	0.6	1
330	88B87F9D87B87F9D87B87F9D	15.625	0.57	1
331	ABB77F9FABB77F9FABB77F9F	9.0	0.568	1
332	AAA7F7CFAAA7F8CFAAA7F8CF	10.5	0.554	1
333	AAB7F8CFAAB7F8CFAAB7F8CF	13.5	0.569	1
334	BAD6F9EFBCA6F9EFBCA6F9EF	7.0	0.5	0
335	A99F89EFA99F89EFB99F89EF	11.0	0.523	1
336	8856F97B8856F97B8856F97B	13.0	0.55	1
337	8D79ABFEBB78ABFE8D78ABFE	14.0	0.533	1
338	AA79ABFEAA78ABFEAA78AAFE	16.0	0.588	1
339	95B77F9D95B77F9D95B77F9D	14.0	0.533	1
340	8A687F9D8A687F9D8A687F9D	15.0	0.533	1
341	9A687F9D8A67F79D8A67F79D	16.0	0.525	1
342	98CCC8FF88CCC8FF98CCC8FF	21.5	0.533	1
343	547F70EC547F70EC547F70EC	21.5	0.65	1
344	AAA7F7CFAAA7F7CFAAA7F8CF	6.0	0.556	1
345	AAA7F7CFABA7F7CFABA7F8CF	9.0	0.525	1
346	77B87F9DA5B87F9DA5B87F9D	13.5	0.581	1
347	668880EF668880EF667980EF	21.0	0.617	1
348	AC5F8AEFAC5F8AEFAC5F8AEF	16.5	0.512	0
349	9A78AAFE9A78AAFE9A78AAFE	18.5	0.492	0
350	99FA9BEF99FA9BEF9AFA9BEF	14.0	0.517	0
351	A9EA9BEFA9E99BEFA9E99BEF	16.0	0.562	1
352	668880EF668880EF668880EF	22.0	0.583	1
353	78B87F9D77B77F9D78B87F9D	15.0	0.537	1
354	A98878FFA98878FFAA8878FF	17.0	0.525	1
355	886F8A7C885F897C886F8A8C	15.0	0.625	1
356	897A67FC897A67FC897A6F6C	8.5	0.496	0
357	896F8A8C896F8A7C896F8A8C	15.0	0.592	1
358	8B687F9D8A687F9D8B687F9D	12.5	0.592	1
359	9BB77F9E9BA77F9E9CA77F9E	7.5	0.558	1
360	AAE99BEFAAE99BEFAAE99BEF	10.5	0.669	1
361	77A0AF6B77A0AF6B77A0AF6B	19.5	0.692	1
362	AB88CD7FA998CD7FAA98CD7F	6.0	0.463	2
363	BA9C6E8FBA9C6E8FAB9C6E8F	10.0	0.45	2
364	A98CD6AFA98CD6AFA98CD6AF	11.0	0.442	2
365	AA6CD6AFAA6CD6AFAA6CD6AF	12.5	0.417	2
366	AB9D6F8FAB9D6F8FAC9D6F8F	5.5	0.5	0
367	A88D7F9EA88D7F9EA88D7F9E	8.0	0.508	0
368	9BB77F9E9BB77F9E9BB77F9E	9.0	0.492	0
369	9BB77F9E9BA77F9E9BA77F9E	11.25	0.467	2
370	BB8F8ADFAB8F8ADFBB8F8ADF	14.0	0.508	0
371	9A86F98D9A86F98D9A86F98D	15.0	0.492	0
372	896F8A8C896F8A8C896F8A8C	16.0	0.5	0
373	9BA77F9E9BA77F9E9CA77F9E	12.0	0.533	1
374	7967F69C8967F69C8967F69C	15.0	0.575	1
375	59EEE8FF59EEE9FF59EED9FF	21.5	0.617	1
376	ACB9D8CFACB9D8CFACB9D8CF	2.0	0.433	2
377	BAA8CD7FBAA8CD7FAAA8CD7F	3.0	0.383	2
378	BA9D7F9FBA9D7F9FBA9D7F9F	9.0	0.375	2
379	AB7D7F9FAB7D7F9FAB7D7F9F	11.0	0.325	2
380	BA9D6F9FBA9D6F9FBB9D6F9F	12.0	0.3	2
381	AA9D6F9FAA9D6F9FAA9D7F9F	13.0	0.283	2
382	9B6E68DF9B6E68DF9B6E68EF	9.0	0.475	2
383	A69D67DFA69D67DFA79D67DF	13.0	0.492	0
384	8B687F9D8B687F9D8B687F9D	14.5	0.5	0
385	8A687F9D8A67F79C8A67F79C	18.5	0.523	1
386	AC7D7F9FAB7D7F9FAB7D7F9F	8.5	0.508	0
387	B9AD7F9FBB7D7F9FBB7D7F9F	12.5	0.492	0
388	8667F69C8667F69C8668F69C	11.5	0.583	1
389	95C88F7D9B788F7D9B788F7D	13.75	0.625	1
390	B9C7E7BFB9C7E7BFB9C7E7BF	6.5	0.492	0
391	BA9D6F8FBA9D6F8FBA9D6F8F	8.5	0.475	2
392	A9977F9EA9977F9DA9977F9E	10.0	0.492	0
393	89A66F6C89A66F6C99A66F6C	11.0	0.492	0
394	99A66F6C99A66F6C99A66F6C	12.0	0.5	0
395	AB89CD7FAB88CD7FAB89CD8F	10.5	0.37	2
396	AA88BC7FA988BC7FA988BC7F	14.0	0.317	2
397	AC9D6F9FAB9D6F9FAC9D7F9F	9.5	0.492	0
398	BA9D6F9FBA9D6F9FBA9D7F9F	11.5	0.483	0
399	8756F97B985F898C8756F97B	16.0	0.617	1
400	AAA9CD7FAB89CD7FAAA9CD7F	6.5	0.483	0
401	A9B7F8CFA9B7F8CFA9B7F8CF	13.5	0.454	2
402	99FA9BFF99FA9BFF99FA9BFF	16.0	0.546	1
403	AA5F78EFAA5F78EFAA5F77EF	5.0	0.45	2
404	A7B8F7DFAB68F7DFAB68F7CF	10.0	0.425	2
405	AA6F78EFAA6F78EFAA6F68EF	11.0	0.442	2
406	9A9D67DF9A9D67DF9A9D67DF	12.0	0.408	2
407	995B77FC995B77FC995B77FC	11.0	0.483	0
408	995A77FC995A77FC995A77FC	13.0	0.508	0
409	9B6E67DF9B6E67DF9B5E67DF	11.0	0.483	0
410	B9A7F8CFB9A7F8CFB9A7F8CF	10.0	0.479	0
411	AAAD6F9FA9AD6F9FAAAD6F9F	7.0	0.45	2
412	A8D77F9EA8D77F9EA8E77F9E	6.0	0.5	0
413	88B77F9D87B77F9D87B77F9D	12.0	0.575	1
414	BB9C6F9FBB9C6F9FBB9C6F9F	6.5	0.5	0
415	AAAD6F9FAA9D7F9FAA9D6F9F	10.0	0.467	2
416	88B87F9D87B77F9D87B87F9D	15.0	0.442	2
417	AAB77F9E9AB77F9EAAB77F9E	12.0	0.55	1
418	AB8F8AEFAB8F8AEFAC8F8AEF	11.5	0.517	0
419	976F78DD976F77DD976F77DD	15.5	0.566	1
420	5470790F5470790F5470790F	21.5	0.55	1
421	ACAC6E8FACAC6F8FACAC6E8F	8.0	0.45	2
422	BBAD6F9FBBAD6F9FBBAD6F9F	9.0	0.408	2
423	AC9D6F8FAB9D6F8FBB9D6F8F	10.5	0.408	2
424	A99F89EFA89F89EFA89F89EF	13.5	0.517	0
425	AC9D6F8FAC9D6F8FAABD6F8F	4.5	0.475	2
426	AB9D6F9FAB9D6F9FAB9D7F9F	7.0	0.442	2
427	AA7E7F9FA97E7F9FAA7E7F9F	8.5	0.433	2
428	A8B77F9E98B77F9DA8B77F9E	10.5	0.458	2
429	A9B77F9EA9B77F9EAAB77F9E	13.5	0.458	2
430	AAB77F9EA9B77F9EAAB77F9E	15.0	0.442	2
