0	678
1	1
2	1
3	5
4	2
5	11
6	1
7	2
8	24
9	357
10	2
11	66
12	1
13	7
14	1
15	4
16	7
17	2
18	1
19	1
20	1
21	1
22	1
23	1
24	1
25	2
26	1
27	1
28	1
29	18
30	5
31	1
32	2
33	1
34	1
35	5
36	1
37	1
38	1
39	1
40	1
41	1
42	2
43	1
44	4
45	1
46	3
47	1
48	1
49	1
50	1
51	2
52	1
53	1
54	1
55	1
56	71
57	36
58	310
59	1
60	1
61	3
62	1
63	1
64	1
65	1
66	4
67	16
68	1
69	1
70	3
71	2
72	1
73	2
74	3
75	9
76	4
77	1
78	2
79	9
80	1
81	1
82	1
83	1
84	1
85	1
86	1
87	1
88	1
89	6
90	1
91	1
92	1
93	4
94	1
95	1
96	3
97	1
98	1
99	1
100	1
101	5
102	1
103	2
104	1
105	1
106	1
107	1
108	2
109	1
110	1
111	1
112	1
113	7
114	10
115	2
116	32
117	1
118	1
119	1
120	1
121	1
122	1
123	1
124	1
125	1
126	5
127	1
128	1
129	1
130	1
131	1
132	1
133	1
134	1
135	1
136	5
137	1
138	1
139	2
140	29
141	1
142	1
143	2
144	1
145	1
146	1
147	1
148	1
149	1
150	1
151	2
152	1
153	1
154	1
155	1
156	1
157	1
158	1
159	10
160	1
161	1
162	1
163	2
164	1
165	1
166	1
167	1
168	1
169	3
170	1
171	2
172	1
173	1
174	2
175	44
176	1
177	1
178	3
179	1
180	8
181	1
182	4
183	1
184	1
185	1
186	3
187	1
188	2
189	1
190	3
191	28
192	6
193	1
194	1
195	199
196	2
197	1
198	1
199	1
200	1
201	1
202	1
203	1
204	1
205	2
206	1
207	1
208	1
209	1
210	2
211	2
212	1
213	1
214	2
215	2
216	1
217	1
218	2
219	16
220	1
221	1
222	1
223	8
224	1
225	1
226	1
227	1
228	1
229	1
230	1
231	1
232	2
233	1
234	5
235	1
236	1
237	4
238	1
239	1
240	1
241	1
242	1
243	1
244	3
245	1
246	79
247	7
248	8
249	7
250	1
251	4
252	696
253	2
254	1
255	1
256	4
257	38
258	77
259	7
260	45
261	3
262	1
263	4
264	2
265	1
266	5
267	1
268	4
269	1
270	1
271	4
272	3
273	1
274	5
275	9
276	31
277	362
278	3
279	2
280	5
281	124
282	1
283	152
284	2
285	1
286	2
287	3
288	1
289	4
290	2
291	1
292	1
293	1
294	1
295	1
296	1
297	2
298	7
299	2
300	4
301	1
302	1
303	1
304	3
305	6
306	2
307	3
308	1
309	2
310	36
311	2
312	1
313	2
314	9
315	1
316	4
317	1
318	1
319	2
320	2
321	1
322	4
323	2
324	2
325	1
326	1
327	6
328	1
329	2
330	1
331	20
332	2
333	2
334	2
335	1
336	1
337	1
338	10
339	2
340	4
341	571
342	3
343	169
344	1
345	1
346	8
347	1
348	1
349	1
350	2
351	1
352	2
353	1
354	1
355	1
356	1
357	1
358	1
359	1
360	1
361	1
362	3
363	3
364	1
365	1
366	1
367	16
368	2
369	2
370	1
371	6
372	4
373	7
374	2
375	1
376	5
377	1
378	1
379	2
380	1
381	1
382	1
383	3
384	30
385	1
386	4
387	1
388	1
389	2
390	1
391	4
392	1
393	1
394	150
395	1
396	223
397	2
398	5
399	1
400	1
401	2
402	3
403	1
404	1
405	1
406	1
407	3
408	1
409	1
410	16
411	389
412	3
413	2
414	1
415	11
416	142
417	1
418	4
419	1
420	1
421	3
422	1
423	5
424	4
425	1
426	1
427	2
428	1
429	2
430	1
431	1
432	1
433	2
434	1
435	1
436	3
437	1
438	3
439	8
440	1
441	1
442	1
443	5
444	2
445	2
446	1
447	1
448	2
449	1
450	1
451	15
452	1
453	1
454	1
455	1
456	1
457	1
458	1
459	5
460	3
461	45
462	2
463	8
464	1
465	1
466	1
467	3
468	1
469	2
470	1
471	3
472	1
473	3
474	1
475	1
476	2
477	1
478	16
479	1
480	1
481	1
482	1
483	2
484	1
485	33
486	7
487	1
488	2
489	1
490	2
491	1
492	67
493	1
494	1
495	1
496	1
497	1
498	2
499	1
500	3
501	2
502	3
503	1
504	2
505	4
506	1
507	1
508	1
509	3
510	3
511	4
512	1
513	1
514	1
515	1
516	1
517	1
518	1
519	1
520	1
521	1
522	1
523	1
524	1
525	1
526	8
527	1
528	1
529	1
530	1
531	17
532	5
533	115
534	1
535	8
536	1
537	4
538	1
539	1
540	56
541	2
542	3
543	392
544	28
545	76
546	53
547	1
548	16
549	3
550	1
551	2
552	1
553	550
554	2
555	2
556	2
557	2
558	1
559	1
560	1
561	1
562	3
563	887
564	341
565	96
566	1
567	1607
568	1
569	1
570	1
571	2
572	1
573	1
574	1
575	1
576	1
577	1
578	1
579	1
580	1
581	1
582	22
583	1
584	1
585	1
586	1
587	2
588	1
589	2
590	1
591	1
592	1
593	2
594	20
595	4
596	84
597	16
598	2
599	1
600	1
601	185
602	9
603	4
604	1
605	2
606	1
607	1
608	1
609	1
610	1
611	1
612	1
613	31
614	1
615	4
616	1
617	1
618	11
619	1
620	1
621	8
622	1
623	1
624	1
625	16
626	1
627	1
628	1
629	1
630	9
631	1
632	1
633	1
634	1
635	6
636	1
637	1
638	1
639	1
640	4
641	7
642	2
643	7
644	1
645	19
646	1
647	1
648	1
649	1
650	2
651	1
652	1
653	1
654	18
655	1
656	1
657	1
658	4
659	1
660	1
661	1
662	1
663	1
664	2
665	1
666	2
667	1
668	1
669	1
670	1
671	1
672	2
673	1
674	11
675	2
676	2
677	1
678	1
679	1
680	2
681	2
682	4
683	1
684	1
685	1
686	1
687	1
688	1
689	1
690	1
691	3
692	2
693	4
694	12
695	1
696	3
697	1
698	1
699	2
700	6
701	1
702	1
703	1
704	1
705	23
706	41
707	2
708	2
709	2
710	1
711	1
712	3
713	1
714	1
715	1
716	1
717	1
718	74
719	2
720	1
721	3
722	8
723	1
724	2
725	1
726	76
727	3
728	1
729	1
730	1
731	1
732	2
733	14
734	1
735	1
736	5
737	1
738	1
739	1
740	4
741	1
742	1
743	1
744	1
745	13
746	2
747	43
748	1
749	8
750	4
751	1
752	9
753	2
754	1
755	2
756	1
757	1
758	1
759	1
760	1
761	1
762	2
763	1
764	1
765	1
766	3
767	1
768	2
769	1
770	1
771	1
772	1
773	1
774	1
775	1
776	1
777	1
778	3
779	1
780	1
781	1
782	3
783	2
784	1
785	1
786	1
787	1
788	3
789	5
790	1
791	3
792	1
793	2
794	1
795	1
796	1
797	2
798	9
799	1
800	1
801	9
802	1
803	3
804	1
805	1
806	1
807	1
808	1
809	10
810	1
811	22
812	4
813	2
814	20
815	1
816	1
817	2
818	13
819	2
820	4
821	1
822	1
823	1
824	1
825	1
826	2
827	1
828	1
829	1
830	1
831	9
832	1
833	3
834	1
835	1
836	1
837	1
838	1
839	1
840	7
841	1
842	2
843	1
844	1
845	3
846	1
847	3
848	1
849	1
850	3
851	1
852	3
853	1
854	8
855	1
856	1
857	1
858	1
859	1
860	10
861	3
862	2
863	1
864	2
865	2
866	21
867	1
868	1
869	3
870	1
871	1
872	1
873	31
874	1
875	1
876	1
877	2
878	1
879	1
880	2
881	1
882	1
883	10
884	1
885	1
886	1
887	1
888	2
889	5
890	18
891	1
892	1
893	1
894	1
895	2
896	1
897	11
898	1
899	3
900	1
901	1
902	1
903	2
904	1
905	2
906	1
907	3
908	1
909	1
910	1
911	1
912	1
913	1
914	1
915	19
916	4
917	5
918	6
919	3
920	1
921	2
922	2
923	1
924	1
925	1
926	3
927	1
928	1
929	4
930	1
931	1
932	1
933	1
934	1
935	2
936	1
937	1
938	1
939	9
940	18
941	2
942	1
943	1
944	1
945	3
946	1
947	10
948	4
949	2
950	1
951	1
952	1
953	2
954	1
955	8
956	2
957	1
958	1
959	1
960	3
961	1
962	1
963	1
964	1
965	1
966	1
967	3
968	1
969	13
970	1
971	2
972	1
973	1
974	1
975	1
976	3
977	1
978	1
979	1
980	1
981	1
982	1
983	1
984	1
985	1
986	1
987	2
988	1
989	9
990	1
991	1
992	1
993	1
994	1
995	1
996	1
997	1
998	1
999	1
1000	1
1001	5
1002	5
1003	1
1004	1
1005	1
1006	1
1007	1
1008	2
1009	1
1010	1
1011	1
1012	1
1013	1
1014	1
1015	1
1016	1
1017	1
1018	3
1019	1
1020	1
1021	1
1022	1
1023	1
1024	1
1025	1
1026	1
1027	2
1028	6
1029	1
1030	2
1031	1
1032	1
1033	1
1034	1
1035	1
1036	1
1037	1
1038	1
1039	2
1040	1
1041	1
1042	1
1043	1
1044	1
1045	1
1046	1
1047	1
1048	1
1049	1
1050	1
1051	5
1052	9
1053	1
1054	1
1055	1
1056	1
1057	1
1058	3
1059	1
1060	1
1061	1
1062	1
1063	1
1064	1
1065	1
1066	1
1067	1
1068	1
