0	AAA8CD7FAAA8CD7FAAA8CD7F	0	0.5	2
1	AB6CD6AFAB5CD7AFAB6CD6AF	6.0	0.392	3
2	AAA5CE8FAAA5DE8FBAB5DE8F	8.0	0.379	3
3	BBB9C8CFBBB9C8CFBBB9C8CF	10.0	0.325	5
4	AAD6E9CFAAD6E9DFAAD6E8DF	11.0	0.325	5
5	BAAD6F9FBAAD6F9FBAAD6F9F	10.213	0.45	1
6	BBC6E9DFBBC6E9DFBBC6E9DF	14.375	0.359	3
7	AB8C6E8FAB8C6E8FA9AC6E8F	15.583	0.372	3
8	AA7BC6AFAA7BC6AFAA7BC6AF	16.25	0.371	3
9	9A687F9D8A687F9D8A687F9D	20.382	0.442	1
10	C0EEE9FFC0EEE9FF39EEE9FF	23.615	0.5	2
11	ABA8CD7FABA8CD7FABA8BD7F	4.0	0.5	2
12	BBBAE8CFBBBAE8CFBBBAE8CF	5.0	0.508	2
13	BBAAE8CFBBAAE8CFBBAAE8CF	7.5	0.438	1
14	BA9AE9CFBA9AE9CFBA9AE8CF	10.0	0.392	3
15	BB9AE8CFBB9AE8CFBB9AE8CF	11.5	0.346	3
16	A988BC7FA988BC7FA988BC7F	14.444	0.329	5
17	AB99C8BFBA99C8BFAB99C8BF	15.0	0.333	3
18	A8E77F9FA8D77F9FA8D77F9F	17.458	0.419	1
19	AA99CE8FAA99CE8FAA99CE8F	6.097	0.46	1
20	BBB5CE8FBBB5CE8FBBB5CE8F	5.5	0.413	3
21	AA99CE8FAA99CE8FAB99CE8F	8.0	0.358	3
22	AB89CD8FAB89CD8FAB89CD8F	12.0	0.33	5
23	AA99CE8FA999CE8FAA99CE8F	5.833	0.479	2
24	AAC5CE8FAAC5CE8FAAC5CE8F	6.0	0.433	1
25	BA99CE8FBA99CE8FBA99CE8F	7.0	0.383	3
26	BA9D6F9FBA9D6F9FBA9D6F9F	6.625	0.498	2
27	89A66F6C89A66F6C8AA67F7C	10.5	0.425	1
28	9A5A6F7C9A5A6F7C9A5A7F7C	12.0	0.467	1
29	A9977F9EA9977F9EA9977F9E	13.0	0.379	3
30	995F77CE995F77CE995F77CE	14.0	0.433	1
31	A6E878FFA6E878FFA6E878FF	15.0	0.408	3
32	BAB7FADFBAB7FADFBAB7FADF	18.608	0.38	3
33	ABB5DE8FABB5DE8FABB5DE8F	6.4	0.39	3
34	ABB5DE8FAAB5DE8FABB5DE8F	5.0	0.417	1
35	BBB5DE8FBBB5DE8FABB5DE8F	6.0	0.425	1
36	AAAD7F9FAAAD7F9FAAAD7F9F	9.1	0.478	1
37	98A66F7C8AA66F7C8AA66F7C	11.0	0.408	3
38	9A5A6F7C987A6F7C987A6F7C	12.0	0.383	3
39	89A677FC89A677FC89A66F6C	13.5	0.4	3
40	98A66F6C98A66F6C98A66F6C	15.5	0.393	3
41	ABB5CE8FABB5CE8FABB5CE8F	5.125	0.456	1
42	B999DE8FBB79DE8FB999DE8F	6.5	0.442	1
43	BB7D7F9FBA7D7F9FBA7D7F9F	9.0	0.446	1
44	8A788F7D8A788F7D8A788F7D	14.667	0.537	4
45	9A788F7D9A788F7D9A788F7D	12.5	0.517	2
46	8099F0EB8099F0EB8099F0FB	21.0	0.55	4
47	BA99CE8FAA99CE8FAA89CE8F	3.0	0.442	1
48	ABB5DE8FBBB5DE8FABB5DE8F	8.0	0.358	3
49	BB79CE8FBBB5CE8FB9D5CE8F	10.0	0.296	5
50	BBB5DE8FBBB5DE8FBBB5DE8F	8.0	0.425	1
51	AB99CE8FAB99CE8FAB99CE8F	10.5	0.358	3
52	AAA5CD8FAAA5CD8FAAA5CD8F	13.0	0.317	5
53	AAB5DE8FAAB5DE8FAAB5DE8F	5.0	0.45	1
54	BB7D7F9FAB7D7F9FBB7D7F9F	7.5	0.477	1
55	989D67DF989E67DFA79E67DF	11.0	0.483	2
56	989D67DF989D67DF989D67DF	11.99	0.529	4
57	AB6D67DFAB5E67DFA79E67DF	14.0	0.521	4
58	9A687F9D9A687F9D9A687F9D	16.727	0.451	1
59	88DDD9FF88DDD9FF88DDD9FF	22.569	0.592	0
60	AB88CD7FAB88CD7FAB88CD7F	7.0	0.438	1
61	AA99CE7FAA99CE7FAA89CE7F	7.75	0.429	1
62	BAB9D8CFBAB9D8CFBAB9D8CF	10.0	0.342	3
63	AB89CD7FAB89CE7FAB89CD7F	11.0	0.367	3
64	AA88BC7FAA88BC7FAA88BC7F	14.667	0.398	3
65	AAAAD8BFAAAAD8BFBAAAD8BF	17.333	0.45	1
66	ABC5DE8FABB5DE8FABB5DE8F	4.5	0.383	3
67	BB7D7F9FBB7D7F9FBB7D7F9F	9.0	0.432	1
68	B9AD7F9FB9AD7F9FB9AD7F9F	8.278	0.474	1
69	8AA66F6C8AA66F6C8AA66F7C	10.0	0.417	1
70	BB8F8AEFBB8F8AEFBC8F8AEF	11.0	0.383	3
71	99977F9E99977F9D99977F9D	15.5	0.375	3
72	A8D77F9FA8D77F9EA8D77F9F	18.3	0.401	3
73	AB7E7F9FAB7E7F9FAB7E7F9F	7.5	0.484	2
74	89A66F6C89A66F6C89A66F6C	10.0	0.458	1
75	9A8677FC9A8677FC9A8677FC	11.0	0.458	1
76	88A677FC88A677FC88A66F6C	13.5	0.448	1
77	AC9D6F8FAB9D6F8FAC9D6F8F	5.646	0.509	2
78	AAA7F8CFAAA7F8CFAAA7F8CF	9.229	0.561	4
79	B9A7F8CFA9A7F8CFA9A7F8CF	13.5	0.486	2
80	AA97E7CFAA97E7CFAA97E7CF	17.188	0.403	3
81	AC9D6F8FAC9D6F8FAC9D6F8F	3.766	0.508	2
82	AB8F8ADFAB8F8ADFBB8F8ADF	8.409	0.516	2
83	AB8F8ADFAB8F8ADFAB8F8ADF	10.294	0.523	4
84	BA89CE8FBAC5CE8FBAC5CE8F	6.5	0.46	1
85	ABB5CE8FABB5CE8FACB5CE8F	10.0	0.396	3
86	AB9BB79FAA9BB79FAA9BB79F	16.0	0.35	3
87	BB7D6F9FBB7D6F9FBB7D6F9F	18.8	0.38	3
88	AA9D7F9FAA9D7F9FAA9D7F9F	7.154	0.495	2
89	AB9D6F9FBA9D6F9FBA9D7F9F	5.587	0.507	2
90	BA9D7F9FBA9D6F9FBA9D7F9F	9.5	0.474	1
91	BAD6F9EFBAD6F9EFBAD6F8EF	10.0	0.5	2
92	AB7E7F9FAA7E7F9FAA7E7F9F	12.0	0.475	1
93	AA97E7BFAA97E7BFAB97E7BF	13.0	0.508	2
94	A99D6E9FA99D6E9FA99C6E9F	14.0	0.492	2
95	AA6CD6AFAA6CD6AFAA6CD7AF	15.75	0.383	3
96	A9AC6E8FA9AC6E8FA9AC6E8F	16.615	0.332	5
97	AAAAD8BFAAAAD8BFAAAAD8BF	17.333	0.402	3
98	BAAD6F9FBAAD6F9FAAAD6F9F	10.071	0.446	1
99	BA89CE8FBA89CE8FBA89CD8F	8.75	0.389	3
100	A99AB69FA99AC69FA99AB69F	13.0	0.354	3
101	AB9D7F8FAB9D7F8FAB9D7F8F	7.0	0.483	2
102	BB9D6F9FBB9D6F9FBB9D7F9F	8.0	0.45	1
103	A89D67DFA89D67DFA89D67DF	11.789	0.506	2
104	AC9D6F8FAB9D6F8FAC9D7F8F	5.808	0.527	4
105	AB9D6F8FAB9D6F8FAB9D7F8F	7.25	0.5	2
106	ABB77F9FABB77F9EABB77F9F	9.167	0.524	4
107	ABA7F7CFABA7F7CFABA7F7CF	9.0	0.475	1
108	976F77CD976F77CD976F77CD	15.75	0.553	4
109	57ACA0DF57ACA0EF57ACA0EF	22.0	0.6	0
110	9BA77F9E9BA77F9E9BA77F9E	9.545	0.536	4
111	988D7F9E988E7F9E988E7F9E	8.833	0.498	2
112	8A6F77CE8A6F77CE8A6F77CE	10.0	0.492	2
113	99A77F9E99A77F9E99A77F9E	12.5	0.529	4
114	966F77CD976F77CD976F77CD	16.6	0.506	2
115	AC7D7F9FAC7D7F9FAC7D7F9F	9.5	0.475	1
116	9AB77F9E9AB77F9E9AB77F9E	11.3	0.521	2
117	AAB77F9EAAB77F9EAAB77F9E	14.444	0.491	2
118	AAB77F9EAAA77F9EAAA77F9E	11.317	0.505	2
119	AAAD7F9FAA9D7F9FAAAD7F9F	6.9	0.514	2
120	B9AD7F9FBB7D7F9FB9AD7F9F	8.75	0.492	2
121	989D67DF989D67DFA79D67DF	11.25	0.505	2
122	78B87F9D78B77F9D78B87F9D	16.0	0.496	2
123	44687A0F44587A0F44587B0F	22.0	0.55	4
124	AAA77F9EAAA77F9EAAA77F9E	10.25	0.512	2
125	78B77F9DA6B77F9DA6B77F9D	13.75	0.517	2
126	88B77F9D88B77F9D88B77F9D	13.9	0.572	4
127	468A892F468A8A2F468A8A2F	21.812	0.583	0
128	AB7E7F9FAB7D7F9FAB7D7F9F	8.75	0.471	1
129	999D67DF999D67DF999D67DF	8.4	0.503	2
130	9B6E67DF9B6E67DF9B6E67DF	9.75	0.551	4
131	AB6E67DFAB6E67DFA79E67DF	11.833	0.508	2
132	B9A7F8CFB9B7F8CFB9B7F8CF	14.0	0.531	4
133	A9FA9BFFA9FA9BEFA9FA9BEF	17.0	0.542	4
134	BB7E7F9FBB7D7F9FBB7D7F9F	8.5	0.496	2
135	95B87F9D95B87F9D95B87F9D	16.0	0.558	4
136	AB9D6F8FAB9D6F8FABAD6F9F	10.0	0.425	1
137	ABAD6F9FABAD6F9FABAD6F9F	10.167	0.42	1
138	AA9D7F9FAA9D7F9FB99D7F9F	13.0	0.375	3
139	AA6CD7BFAA6CD7BFAA6CD7BF	14.0	0.325	5
140	99A5B6BF99A6B6BFA9A6B6BF	16.25	0.375	3
141	AAA8CD7FAAA8CD7FAAA9CD7F	5.75	0.439	1
142	AB88CD8FAB88CD8FAB89CD8F	12.0	0.375	3
143	BAAD6F9FBA9D6F9FBA9D6F9F	7.0	0.433	1
144	88B87F9D88B77F9D88B87F9D	14.5	0.601	0
145	4376070F4376070F4376070F	21.577	0.617	0
146	9AF99BEF9AE99BEF9AE99BEF	13.25	0.56	4
147	78DDD8EF78DDD8EF78DDD8EF	20.4	0.675	6
148	8967F69C8967F69C8967F69C	13.237	0.601	0
149	1854510F1854510F1854510F	20.811	0.617	0
150	BB7E7F9FBB7E7F9FBB7E7F9F	7.5	0.483	2
151	BA7E7F9FBA7E7F9FBA7E7F9F	9.0	0.481	2
152	9A6E67DF9B6E67DF9B6E67DF	11.0	0.506	2
153	9B6E68DF9B6E68EF9B6E68EF	11.25	0.459	1
154	69DDD8EF69DDD8EF69DED8EF	20.386	0.625	0
155	89688F9D7867F69C7967F69C	13.459	0.622	0
156	3076500F3076500F3076500F	21.13	0.633	0
157	A8E77F9EA8D77F9EA8E77F9E	6.25	0.554	4
158	ABA77F9EABA77F9EABA77F9E	9.0	0.604	0
159	9BB77F9EAAB77F9E9BB77F9E	11.0	0.592	0
160	87B87F9D87B77F9D87B87F9D	12.5	0.642	0
161	987B77FC987B77FC987B77FC	12.0	0.492	2
162	AAF99BFFAAF99BEFAAF99BEF	14.833	0.577	4
163	2456570F2456570F2456570F	20.5	0.65	0
164	AA9D7F9FAA9D6F9FAA9D7F9F	4.167	0.498	2
165	AAC7E7BFAAC7E7BFB9C7E7BF	9.0	0.487	2
166	BB9D6F9FBA9D6F9FBB9D6F9F	12.0	0.483	2
167	BB7E7F9FBB7E7F9FBB7D7F9F	14.0	0.467	1
168	89688F9D89688F9D89688F9D	11.617	0.637	0
169	69DDD8EF69DDD8EF69DDD8EF	20.219	0.658	0
170	3467680F3467690F3467690F	21.5	0.567	4
171	B9A7F8CFB9A7F8CFB9B7F8CF	14.0	0.529	4
172	AAF99BEFAAF99BEFAAF99BEF	14.5	0.567	4
173	88B77F9D87B77F9D88B77F9D	16.0	0.592	0
174	8B788F7D8A788F7D8B788F7D	14.167	0.607	0
175	678990FF678990FF778990FF	22.125	0.533	4
176	9CB77F9E9BB77F9E9CB77F9E	11.0	0.523	4
177	A9E99BEFA9E99BEFAAE99BEF	14.864	0.561	4
178	A9FA9BFFA9EA9BFFA9EA9BEF	16.5	0.575	4
179	986F8A8D986F8A7D986F8A8D	18.0	0.575	4
180	8099F0FB8099F0FB3599F0FB	22.0	0.6	0
181	AAB7E7BFAAC7E7BFAAC7E7BF	5.0	0.458	1
182	AB9D6F8FAB9D6F8FAB9D6F8F	9.0	0.448	1
183	886F77DD896F77DD896F77DD	14.0	0.483	2
184	976F77DD976F77DD976F77DD	16.0	0.587	0
185	998878FE998878FE9A8878FE	18.375	0.554	4
186	AA687F9D9A687F9D9A687F9D	14.833	0.522	4
187	348F70EB348F70EB348F70EB	19.5	0.65	0
188	A9A87F9EA9A87F9EA9A87F9E	9.0	0.533	4
189	BC8F8AEFBC8F8AEFBC8F8AEF	11.0	0.508	2
190	AC8F8AEFAC8F8AEFAC8F8AEF	13.0	0.579	4
191	A76F78DD976F77DD976F77DD	15.5	0.592	0
192	67AC0BFC67AC0BFC67AD0BFC	21.5	0.6	0
193	9B4F89DE9B4F89DE9B4F89EE	9.5	0.508	2
194	AC8F8ADFAB8F8ADFAC8F8ADF	13.0	0.523	4
195	966F77CD876F77CD976F77CD	18.0	0.55	4
196	99B8F8DF99A8F8DF99B8F8DF	12.5	0.467	1
197	8A6F78EF8A6F78EF8A6F78EF	14.0	0.475	1
198	999F8ADFB79F8ADFB79F8ADF	17.0	0.438	1
199	897A67FC897A67FC897A77FC	8.333	0.549	4
200	88A66F6C88A66F6C89A66F6C	10.5	0.533	4
201	88A66F6C88A66F6C88A66F6C	12.0	0.458	1
202	AC9D6F8FAC9D6F9FAC9D6F9F	4.071	0.52	2
203	BB9D6F9FBB9D6F9FBB9D6F9F	6.0	0.496	2
204	89688F9D8967F69C8967F69C	10.5	0.575	4
205	9A79ABFE9A79AAFE9A79ABFE	13.0	0.55	4
206	886F8A7C885F8A7C896F8A7C	14.5	0.592	0
207	A678AAFD9678AAFDA678AAFD	16.0	0.583	0
208	886F897C885F897C886F897C	15.833	0.597	0
209	AC9D6F9FAC9D6F9FAC9D6F9F	6.25	0.552	4
210	AAB77F9E9AB77F9E9AB77F9E	11.625	0.529	4
211	AAB77F9FAAB77F9EAAB77F9E	12.75	0.551	4
212	886F8A7C885F8A7C886F8A7C	16.5	0.542	4
213	7967F69C7967F69C7967F69C	14.629	0.564	4
214	BA9D6F8FBA9D6F8FAB9D7F8F	4.0	0.492	2
215	BBA6F9DFBBA6F9DFBBA6F9DF	6.5	0.517	2
216	BB8F8AEFBA8F8AEFBB8F8AEF	9.0	0.542	4
217	BB8F8AEFBB8F8AEFBB8F8AEF	10.5	0.542	4
218	BA9F8AEFBA9F8AEFBA9F8AEF	12.0	0.567	4
219	4807790F4807790F4807790F	21.375	0.617	0
220	997A67FC997A67FC897A6F6C	9.0	0.517	2
221	897A6F6C897A67FC897A6F6C	11.0	0.535	4
222	44687B0F44587A0F44587B0F	21.25	0.583	4
223	AAA7F7CFAAA7F7CFAAA7F7CF	7.5	0.575	4
224	99688F9D99688F9D99688F9D	10.5	0.608	0
225	9767F69C8767F69C9767F69C	16.667	0.499	2
226	9767F69C9767F69C9767F69C	16.75	0.538	4
227	ACAC6F8FACAC6F8FACAC6F8F	8.0	0.483	2
228	A6F878FFA6E878FFA6E878FF	10.0	0.525	4
229	A9A8F8DFA9A8F7DFA9A8F8CF	13.0	0.537	4
230	A8A8F8DFA8A8F8DFA8A8F8DF	16.0	0.542	4
231	BB8F8ADFBB8F8ADFBB8F8ADF	10.0	0.617	0
232	99688F9D89688F9D99688F9D	12.0	0.6	0
233	69EED8EF69EED9EF69EED9EF	19.5	0.642	0
234	8668F69B7668F69B7668F69C	14.5	0.617	0
235	4477080F4477080F4477080F	20.625	0.633	0
236	ABA77F9E9BA77F9EA8E77F9E	11.0	0.538	4
237	8856F97C9856F97C8856F97C	13.375	0.59	0
238	996F8A8D996F8A8D8856F97C	15.0	0.608	0
239	AA7E7F9FAA7E7F9FBA7E7F9F	10.0	0.5	2
240	A9AD7F9FA9AD7F9FA9AD7F9F	11.0	0.467	1
241	B99D7F9FB99D7F9FB99D7F9F	16.0	0.425	1
242	AA86F98D9A86F98DAA86F98D	10.0	0.508	2
243	8876F99C8876F99C8876F99C	11.0	0.5	2
244	BAD89AFFBAD89AFFBAD89AFF	12.0	0.483	2
245	89757F6B89767F6B8A7677FC	14.0	0.496	2
246	A7FAAC9FA7FAAC9FA7FAAC9F	16.0	0.492	2
247	95C88F7D85C88F7D95C88F7D	18.5	0.531	4
248	A98878FFA98878FEAA8878FE	12.667	0.55	4
249	7877F0EF7877F0DF7877F0DF	14.0	0.55	4
250	AA8878FEA98878FEAA8878FE	15.0	0.575	4
251	8C8878FF8C8878FFAA8878FF	16.5	0.6	0
252	ACA6F9CFACA6F9DFACB6F9DF	4.5	0.508	2
253	BCA6F9CFBCA6F9DFBCB6F9DF	6.5	0.533	4
254	ACAD6F8FAC9D6F8FAC9D6F8F	8.0	0.517	2
255	9BB77F9F9BB77F9F9BB77F9F	12.5	0.494	2
256	AAB77FAFAAB77F9FAAB77FAF	15.0	0.492	2
257	8A788F7D8A788F7D8B788F7D	17.5	0.485	2
258	AACC6F8FAACC6F8FAACC6F8F	8.75	0.455	1
259	BBAC6F8FBBAC6F8FBBAC6F9F	6.0	0.483	2
260	ACAD6F8FACAD6F8FACAD6F8F	12.0	0.442	1
261	BAAD6F8FBAAD6F8FBA9D6F9F	13.167	0.378	3
262	AAAD6F9FAAAD6F9FB9AD6F9F	8.5	0.467	1
263	98966F6C99A677FC98A66F6C	15.0	0.433	1
264	BA8F8AEFBA8F8AEFBA8F8AEF	17.0	0.417	1
265	87B87F9D87B87F9D87B87F9D	13.9	0.602	0
266	BA0EEFCFBA0EEFCFBA0EEFCF	21.5	0.6	0
267	BAD6E9EFBAD6E9EFBAD6E8EF	12.5	0.421	1
268	AAC5DE8FAAC5DE8FAAB5DE8F	5.0	0.383	3
269	AAC5DE8FAAC5DE8FAAC5DE8F	6.5	0.375	3
270	95C88F7D9A788F7D9B788F7D	14.0	0.542	4
271	8A788F7D8A788F7D9A788F7D	15.0	0.542	4
272	3376070F3376070F3376070F	21.0	0.55	4
273	AA9D7E9FAA9D7F9FAA9D7E9F	15.0	0.375	3
274	3599F0EB3599F0EB36AA98FC	20.5	0.625	0
275	95B87F9D95B77F9D95B87F9D	15.667	0.46	1
276	966F77CD966F77CD966F77CD	13.917	0.571	4
277	BB9D6F8FBB9D6F8FBB9D6F8F	8.0	0.494	2
278	988D7F9E988D7F9E988E7F9E	11.0	0.475	1
279	A8E77F9E98E77F9EA8E77F9E	12.5	0.483	2
280	95C88F7D95C88F7D95C88F7D	12.667	0.592	0
281	9A788F7D8A788F7D9A788F7D	15.5	0.533	4
282	45688C0F44688C0F44688C0F	21.5	0.533	4
283	A9E99BFFA9E99BFFA9F99BEF	13.5	0.565	4
284	AB89CD7FAB89CD7FAB89CD8F	9.0	0.35	3
285	ABAD6F8FABAD6F9FABAD6F9F	10.5	0.342	3
286	995A77FC995A77FC8A5A6F6C	13.167	0.459	1
287	AAA8CD8FAAA8CD8FAAA8CD8F	4.0	0.471	1
288	BB89CD7FBB89CD7FAB89CD7F	8.0	0.433	1
289	BB8D7F9FBB8E7F9FBB8D7F9F	11.0	0.325	5
290	AAAD6F9FAAAD6F9FAAAD6F9F	10.125	0.418	1
291	886F8A8C885F8A8C886F8A8C	14.0	0.5	2
292	9AF99BFF9AF99BFF9AF99BFF	16.5	0.49	2
293	897A77FC897A77FC897A77FC	10.5	0.562	4
294	78B87F9D78B77F9D78B77F9D	17.0	0.592	0
295	76AEDFBF76AEDFBF76AEDFBF	22.0	0.583	0
296	C7FA9BFFC7FA9BFFC7FA9BFF	15.0	0.567	4
297	B9A7F8CFA9B7F8CFA9A7F8CF	17.0	0.442	1
298	B9E99BFFB9E99BFFB9E99BEF	13.75	0.533	4
299	3599F0EB8099F0EB36AA98FC	21.0	0.575	4
300	A9E99BFFA9E99BFFAAE99BEF	16.25	0.54	4
301	8C8878FF8C8878FF8C8878FF	14.0	0.61	0
302	789880FD788880FD789880FD	20.75	0.625	0
303	87B87F9D87B87F9D88B87F9D	11.0	0.567	4
304	88B87F9D87B77F9D88B87F9D	13.75	0.533	4
305	9A687F9D8A687F9D9A687F9D	14.5	0.625	0
306	2276600F2376600F2376600F	22.125	0.583	4
307	896F77CD896F77CD896F77CD	11.0	0.567	4
308	87B77F9D87B77F9D87B77F9D	12.0	0.567	4
309	BAC5DE8FBAC5DE8FBAC5DE8F	8.0	0.35	3
310	BA8E7F9FAA8E7F9FBA8E7F9F	10.0	0.375	3
311	AAAD7F9FB9AD7F9FB9AD7F9F	12.0	0.417	1
312	86F888DE86F888DD756F77CC	14.0	0.575	4
313	896F77DE896F77DE896F77DD	15.0	0.575	4
314	689880FC689880FC689880FC	21.0	0.608	0
315	BAD6F9EFBAD6F9EFBAD6F9EF	9.5	0.5	2
316	AB9D7F8FAB9D7F8FAC9D7F8F	11.5	0.475	1
317	AAA7F8CFABA7F8CFABA7F8CF	7.25	0.595	0
318	ABA7E7CFABA7E7CFABA7E7CF	7.0	0.558	4
319	9A9D67CF9A9D67DFA89D67DF	8.5	0.583	0
320	886F77CD886F77CD886F77DD	13.0	0.621	0
321	36AA98FC36AA98FC36AA98FC	20.5	0.658	0
322	B9AD6F9FB9AD6F9FB9AD6F9F	8.5	0.446	1
323	989D67DF989E67DF989E67DF	12.5	0.475	1
324	A9B7F8CFA9B8F8CFA9B8F8CF	17.0	0.438	1
325	A79D67DFA79D67DFA79D67DF	11.0	0.529	4
326	AAC7E7BFAAC7E7BFAAC7E7BF	6.267	0.445	1
327	AA6F68EFAA6F68EFAA6F68EF	8.0	0.542	4
328	A89D67DFA89D67DFA99D67DF	9.5	0.55	4
329	2065500F2065500F2065500F	21.25	0.6	0
330	88B87F9D87B87F9D87B87F9D	15.625	0.57	4
331	ABB77F9FABB77F9FABB77F9F	9.0	0.568	4
332	AAA7F7CFAAA7F8CFAAA7F8CF	10.5	0.554	4
333	AAB7F8CFAAB7F8CFAAB7F8CF	13.5	0.569	4
334	BAD6F9EFBCA6F9EFBCA6F9EF	7.0	0.5	2
335	A99F89EFA99F89EFB99F89EF	11.0	0.523	4
336	8856F97B8856F97B8856F97B	13.0	0.55	4
337	8D79ABFEBB78ABFE8D78ABFE	14.0	0.533	4
338	AA79ABFEAA78ABFEAA78AAFE	16.0	0.588	0
339	95B77F9D95B77F9D95B77F9D	14.0	0.533	4
340	8A687F9D8A687F9D8A687F9D	15.0	0.533	4
341	9A687F9D8A67F79D8A67F79D	16.0	0.525	4
342	98CCC8FF88CCC8FF98CCC8FF	21.5	0.533	4
343	547F70EC547F70EC547F70EC	21.5	0.65	0
344	AAA7F7CFAAA7F7CFAAA7F8CF	6.0	0.556	4
345	AAA7F7CFABA7F7CFABA7F8CF	9.0	0.525	4
346	77B87F9DA5B87F9DA5B87F9D	13.5	0.581	4
347	668880EF668880EF667980EF	21.0	0.617	0
348	AC5F8AEFAC5F8AEFAC5F8AEF	16.5	0.512	2
349	9A78AAFE9A78AAFE9A78AAFE	18.5	0.492	2
350	99FA9BEF99FA9BEF9AFA9BEF	14.0	0.517	2
351	A9EA9BEFA9E99BEFA9E99BEF	16.0	0.562	4
352	668880EF668880EF668880EF	22.0	0.583	0
353	78B87F9D77B77F9D78B87F9D	15.0	0.537	4
354	A98878FFA98878FFAA8878FF	17.0	0.525	4
355	886F8A7C885F897C886F8A8C	15.0	0.625	0
356	897A67FC897A67FC897A6F6C	8.5	0.496	2
357	896F8A8C896F8A7C896F8A8C	15.0	0.592	0
358	8B687F9D8A687F9D8B687F9D	12.5	0.592	0
359	9BB77F9E9BA77F9E9CA77F9E	7.5	0.558	4
360	AAE99BEFAAE99BEFAAE99BEF	10.5	0.669	6
361	77A0AF6B77A0AF6B77A0AF6B	19.5	0.692	6
362	AB88CD7FA998CD7FAA98CD7F	6.0	0.463	1
363	BA9C6E8FBA9C6E8FAB9C6E8F	10.0	0.45	1
364	A98CD6AFA98CD6AFA98CD6AF	11.0	0.442	1
365	AA6CD6AFAA6CD6AFAA6CD6AF	12.5	0.417	1
366	AB9D6F8FAB9D6F8FAC9D6F8F	5.5	0.5	2
367	A88D7F9EA88D7F9EA88D7F9E	8.0	0.508	2
368	9BB77F9E9BB77F9E9BB77F9E	9.0	0.492	2
369	9BB77F9E9BA77F9E9BA77F9E	11.25	0.467	1
370	BB8F8ADFAB8F8ADFBB8F8ADF	14.0	0.508	2
371	9A86F98D9A86F98D9A86F98D	15.0	0.492	2
372	896F8A8C896F8A8C896F8A8C	16.0	0.5	2
373	9BA77F9E9BA77F9E9CA77F9E	12.0	0.533	4
374	7967F69C8967F69C8967F69C	15.0	0.575	4
375	59EEE8FF59EEE9FF59EED9FF	21.5	0.617	0
376	ACB9D8CFACB9D8CFACB9D8CF	2.0	0.433	1
377	BAA8CD7FBAA8CD7FAAA8CD7F	3.0	0.383	3
378	BA9D7F9FBA9D7F9FBA9D7F9F	9.0	0.375	3
379	AB7D7F9FAB7D7F9FAB7D7F9F	11.0	0.325	5
380	BA9D6F9FBA9D6F9FBB9D6F9F	12.0	0.3	5
381	AA9D6F9FAA9D6F9FAA9D7F9F	13.0	0.283	5
382	9B6E68DF9B6E68DF9B6E68EF	9.0	0.475	1
383	A69D67DFA69D67DFA79D67DF	13.0	0.492	2
384	8B687F9D8B687F9D8B687F9D	14.5	0.5	2
385	8A687F9D8A67F79C8A67F79C	18.5	0.523	4
386	AC7D7F9FAB7D7F9FAB7D7F9F	8.5	0.508	2
387	B9AD7F9FBB7D7F9FBB7D7F9F	12.5	0.492	2
388	8667F69C8667F69C8668F69C	11.5	0.583	0
389	95C88F7D9B788F7D9B788F7D	13.75	0.625	0
390	B9C7E7BFB9C7E7BFB9C7E7BF	6.5	0.492	2
391	BA9D6F8FBA9D6F8FBA9D6F8F	8.5	0.475	1
392	A9977F9EA9977F9DA9977F9E	10.0	0.492	2
393	89A66F6C89A66F6C99A66F6C	11.0	0.492	2
394	99A66F6C99A66F6C99A66F6C	12.0	0.5	2
395	AB89CD7FAB88CD7FAB89CD8F	10.5	0.37	3
396	AA88BC7FA988BC7FA988BC7F	14.0	0.317	5
397	AC9D6F9FAB9D6F9FAC9D7F9F	9.5	0.492	2
398	BA9D6F9FBA9D6F9FBA9D7F9F	11.5	0.483	2
399	8756F97B985F898C8756F97B	16.0	0.617	0
400	AAA9CD7FAB89CD7FAAA9CD7F	6.5	0.483	2
401	A9B7F8CFA9B7F8CFA9B7F8CF	13.5	0.454	1
402	99FA9BFF99FA9BFF99FA9BFF	16.0	0.546	4
403	AA5F78EFAA5F78EFAA5F77EF	5.0	0.45	1
404	A7B8F7DFAB68F7DFAB68F7CF	10.0	0.425	1
405	AA6F78EFAA6F78EFAA6F68EF	11.0	0.442	1
406	9A9D67DF9A9D67DF9A9D67DF	12.0	0.408	3
407	995B77FC995B77FC995B77FC	11.0	0.483	2
408	995A77FC995A77FC995A77FC	13.0	0.508	2
409	9B6E67DF9B6E67DF9B5E67DF	11.0	0.483	2
410	B9A7F8CFB9A7F8CFB9A7F8CF	10.0	0.479	2
411	AAAD6F9FA9AD6F9FAAAD6F9F	7.0	0.45	1
412	A8D77F9EA8D77F9EA8E77F9E	6.0	0.5	2
413	88B77F9D87B77F9D87B77F9D	12.0	0.575	4
414	BB9C6F9FBB9C6F9FBB9C6F9F	6.5	0.5	2
415	AAAD6F9FAA9D7F9FAA9D6F9F	10.0	0.467	1
416	88B87F9D87B77F9D87B87F9D	15.0	0.442	1
417	AAB77F9E9AB77F9EAAB77F9E	12.0	0.55	4
418	AB8F8AEFAB8F8AEFAC8F8AEF	11.5	0.517	2
419	976F78DD976F77DD976F77DD	15.5	0.566	4
420	5470790F5470790F5470790F	21.5	0.55	4
421	ACAC6E8FACAC6F8FACAC6E8F	8.0	0.45	1
422	BBAD6F9FBBAD6F9FBBAD6F9F	9.0	0.408	3
423	AC9D6F8FAB9D6F8FBB9D6F8F	10.5	0.408	3
424	A99F89EFA89F89EFA89F89EF	13.5	0.517	2
425	AC9D6F8FAC9D6F8FAABD6F8F	4.5	0.475	1
426	AB9D6F9FAB9D6F9FAB9D7F9F	7.0	0.442	1
427	AA7E7F9FA97E7F9FAA7E7F9F	8.5	0.433	1
428	A8B77F9E98B77F9DA8B77F9E	10.5	0.458	1
429	A9B77F9EA9B77F9EAAB77F9E	13.5	0.458	1
430	AAB77F9EA9B77F9EAAB77F9E	15.0	0.442	1
